77 4565 4577 4586 4592
91 5292
98 1436 1542 5702
102 5975
109 6319 6323
123 6951 6953
190 9854
194 857 9996 9997
220 7193
225 10655
299 13706 13733
337 14991
345 15235 15253 15274
404 16941
420 9611
493 5273 14134 19059 19066
503 3343
595 12316
708 23044
753 7772 9770
796 15314 24260 24261
838 3016
850 582
922 6606 25897
965 3006 5882 13038 14084
981 11054
1005 3337
1019 4426 5111 13845
1030 26911
1047 19645
1087 9500
1100 25927 27571
1167 820
1206 28497
1218 649 28298 28608
1238 2112 11993
1253 4022 9377 9915 11420
1270 20916 28948
1295 1926
1326 1355 9168
1352 292 16881
1389 22170
1404 11856
1421 12432
1480 9974 18193 30316
1507 10394 18623
1558 7397 13053
1569 22572 22573
1616 31079
1637 16262
1776 5184
1823 3476 6534
1843 32112
1848 5774 16980
1881 6699 24156
1924 4668 26738
1926 8208 14099 18627 32408
1936 24336
1947 16629
1991 5495 24170
2019 31669
2048 12215
2069 3339
2098 23561 27970 32045
2099 979 3366 5106 12330 22489 22984
2103 6543 30100
2167 29489
2168 33184
2182 2326 23123 23635 26071 33221
2199 23392
2200 3318 8823
2255 6250 15673
2258 22975
2313 10556 13161 31623
2346 6582 7248
2365 1359 16273
2403 29214
2410 13483
2421 4965 19926
2440 11791 23732
2454 4926 11415 17530 27135 27581
2473 10247
2554 6170
2574 21685 30052
2601 4897
2644 34077
2645 18093
2688 2405 5881 23924
2769 11079
2779 25709
2788 8357
2822 33316
2839 5213 12704
2891 21890 23014 23685
2894 7919 9902 11797 18692 20268
2959 188 20224
2975 25794
2982 33093
2986 20955
3006 21579
3026 4357
3081 19840 25120 25152
3162 9073
3238 6846 26552
3398 8876
3415 6071
3473 2691 15650 23238 26545 27598
3506 10078 34140
3567 32581
3572 31944
3755 2223
3765 25248 33461
3835 15177 25126 33191
3871 1784 3323 10282 12789 20289 24629 34528
3890 21254
3896 29054
3969 3813
4005 4514
4063 5979
4070 4527 15439 22889 32328
4206 16072
4253 480 1380 11947
4275 8129
4289 8698
4348 4000
4349 10893 16924
4359 4989 11199 27505
4440 720
4449 21732
4470 1592 30754
4532 10903 18008
4535 382 16416
4536 7444 11956
4554 25812
4614 4242
4677 14161 26916
4683 13884
4691 7109
4765 11750
4771 27968
4796 6268 18545
4869 8816
4907 34329
4910 6144
4962 21682 22075
4968 1591 8280
4983 15820
5045 11127
5090 1470 9607 24512 35352
5156 1948 25048
5164 29824
5172 23355
5173 7196 25651
5193 17528
5207 22659
5246 10572 15551 32543
5270 16388
5371 12674
5395 7160
5461 8231
5473 32946
5480 30468
5481 32591
5499 1352 15545
5512 7606 8778 27568
5571 3671 24642
5586 6854
5668 31749
5687 24458
5706 19944
5738 3348
5778 14165
5869 3706 9840 11080 24137
5901 16629
5903 2125 20562
5904 32542
5945 17321 20329
5953 17213
5973 17088
5976 27726 35339
5988 5850 15771 25351
6015 1165 9720 9946
6021 4281 21655 22405
6053 21039
6071 26360 29555
6080 5294 6805 15951 18145 19846
6109 6613
6115 18230
6155 1975 12627 23396
6163 25212
6193 4771
6201 9549 15788 24501
6226 2341 31686 34148
6244 1188
6269 9396
6299 122 17750
6305 18665
6316 26288
6319 21823
6325 7124 11707 14105 22102 24484
6385 16854 16938 20552
6416 6047
6421 21817 21829
6460 22408 27844 28285
6479 842
6520 21872
6660 21370
6723 10425
6742 20810
6783 13857 14161
6785 16274 17105
6867 8139 14990
6878 21174
6890 6500 10101 11349 24990 31653
7023 1984 3339 6167 13544 16957 30525
7143 12276
7147 8519 20242 20933 23777
7150 5638
7172 999 3830 10895
7210 23453
7211 9594
7248 28545
7265 2191 4526 21056 21473
7392 11171 16132 21655 30081
7399 3929
7400 878 6363 11084 13090
7465 12188
7470 980 6145 9311
7587 6870
7665 34987
7717 14109
7771 10468
7823 5393
7827 13526 24951
7941 849 8057 21505 27776 33811
7988 32788
7998 17606
8001 397 3708 3709 6714 17653 20257 34735
8040 20937
8042 34004
8110 35341
8117 11815 17035 22934
8237 12306 21671
8350 23055
8362 11352
8396 2313 17061 26979
8418 3554 13065
8439 27769
8454 2063 29163 29805
8475 15325
8501 1100 3312 8505 10192
8510 6953
8520 4930 32900 35464
8598 14915 34095
8610 10827
8703 12502
8707 20745 28559 33824
8709 29022
8720 382 23382
8739 1094 13501 26781 27166
8741 3628 16954
8777 21002
8779 8653 10621 24775
8784 7257 11856 21269 25352
8798 24405
8817 2201 14724 27245
8832 3052 25537
8845 31811
8851 16633
8904 32882
8911 34324
8917 9200 13523 15525
8942 27723
8944 20164
8949 11964
8968 14269
8972 16900
9012 9245 15448
9077 4904
9080 24477 31472
9110 17488
9134 26935
9151 20042
9157 29273
9164 5701 29314
9185 9670 13826 14465 27714
9204 182 6098
9226 12649 23732 34203
9247 16049
9250 27941
9287 9472 11205 12401 29416
9313 4708 14105 17708 19944
9358 28347
9429 1275 6200 20217 22267 26470 34090
9430 32799
9441 17510
9461 17787
9497 14660 18157 18402 22270
9528 16950
9560 18540
9569 8355
9582 6181 28627
9610 13160 24508 27187
9616 3794 20780
9640 15680 21812
9694 8264 19289
9728 5103 12353 12479
9757 9040 11803
9823 4149 8311 21250
9828 8042
9852 15 1816 11650 17399 32110
9854 18913
9911 22660
9964 20598 33239
9988 20757
10003 2672 11466 19373
10025 83 6556
10101 718 8216 8790 9012 12776
10124 1688 12600
10147 1820 24756 24757
10295 28422
10304 2935 15660
10309 25673
10344 24657
10360 12904 20029
10426 1488 4172 9441 12016
10444 11092
10484 6927 12949 14523
10510 4594 31512
10514 15493
10546 27897
10646 5256 14914
10649 749 7690 13154 16345 22991 32018
10679 19998 27516
10683 17118
10685 6181 18072
10746 280 7760
10775 6368
10866 6982 32706
10877 12219
10896 16631 31146
10933 8648
10942 21032
10954 28028
11022 3360
11120 5512 12552
11126 21473 30210
11136 15680 17750
11170 27630
11176 10225
11177 14161
11190 30037
11239 20308
11279 22019
11410 10192
11454 5078
11465 695 2272 34023
11475 3317 4357 14990 16905 22984 28851
11628 27463
11636 6280
11640 32061 34411
11686 34152
11751 200 14662 15209
11773 28570 33024
11873 4622 4723 16740
11897 12021 19128 21818 31636
12004 4725
12007 27116 30282
12025 13258
12031 27398 30476
12051 5804
12075 31145
12114 16531
12115 5533 15002
12124 91 1462 8205 8208 20618
12150 3257 18691
12164 20671
12230 4 2634 10214 10226 11707 14344 16519 20610 32031
12242 7759 15797 30695
12316 1698
12339 2260 2958 17478 26053
12359 27462
12452 4333
12453 15499 33011
12457 6115
12466 8672
12474 12588 12997
12485 5988 25984
12512 23713
12516 8818 27796
12582 32426
12674 12972
12681 6740 24841 26433
12691 3966
12701 16842
12716 2168 2859 4212 14211 16609 21550
12722 25652
12785 8822
12814 14818 21212 24269
12842 6752 11553 28737 29180 30148 32454
12866 8959
12867 10806 28747
12915 2016 16663
12930 22659 27515
13113 12428 25455
13115 3830
13200 3631
13201 22285
13213 17901
13292 6482 8408 25689
13302 88
13352 26170 35014
13451 17630
13471 6478
13477 11150
13485 9671 11944 24192
13557 3917 13924 24194
13573 7036 16017
13607 9597
13654 1261
13696 20834
13703 8942 23182
13706 21732
13728 3338 31675
13747 171
13768 7777
13781 11004
13861 18577
13863 4999
13931 2470 7961 15787 20488
13969 18891 19185 31839
14106 1215
14112 20510
14129 18513
14172 12784
14239 4863
14255 27261
14285 22786
14356 13196
14360 2693 7403
14371 10966
14428 7940
14436 10761
14447 705 10033 20818
14508 344
14522 3221 7059
14543 8997 10033 10063 13326 31344
14576 12264
14597 955
14609 5034
14636 31798 33419
14653 21059
14672 22701
14676 1295
14684 3475 7707 13632 27240
14699 19714
14700 4441 33713 35384
14773 2046 21532
14792 22270
14825 1870 4685 13680 22677
14855 6168
14859 12632
14887 21200 25807
14898 1270
14932 1501
14934 12713
14942 2114
14964 2850 17184 19483 34088
14998 13376
15012 1541
15056 6961
15074 22570
15085 21911
15153 26825
15202 29115
15249 10897 20198 22383 24006
15262 34890
15266 7791
15267 31063
15285 25029
15289 14611 14647
15318 2741 7626 27401
15354 6274 6922 14111 15533 21173
15421 7613
15449 27010
15609 4261 5064 5714 6145 10636 16074
15620 26234
15627 2745
15628 8141
15648 26931 31685
15661 22033
15677 6886
15730 8883
15739 9802 20752 23870 23979
15761 13214 13746
15795 21398 30879
15797 20308 22180
15851 27417
15867 17666
15879 14574
15914 25923
15932 20568
15956 11018 34195
16001 1328 2101
16002 868 1030
16120 6668 27051
16143 7459
16160 6477 24744
16193 13750
16210 10204
16222 15178
16246 31880
16271 11101 16414 32651
16277 3959
16382 32136
16394 9311
16430 9668
16515 5305 6399 19906 27305
16520 20461
16536 21056 33729
16564 480
16584 4280 8855
16610 25816
16629 17251 21999
16692 6397
16753 29629
16829 2200 3371 10251 10940 21175 21178
16948 4467 34739
16982 27897
17067 773 11881 13925
17123 474 1645 20752 20982
17157 11817 12619
17162 30808 32178
17169 15815
17195 3467
17203 14876
17289 24943
17338 3631 7348
17412 15915 24926 25128
17418 5582
17421 29827
17447 21115
17485 33976
17493 10176 12916
17509 26075
17520 3586 12498
17553 10821 23125
17566 25567
17574 19645 22568 33237
17600 6318
17631 12339
17635 14344 22625 25101 28395
17654 11144
17726 20866
17760 30121
17783 12456
17810 29568
17815 22753
17827 11098 33480
17876 2145 2956 31366
17912 24979
17932 21267
17965 21397
17991 27342
18026 8164
18157 1127 1575 5009 5677 6452 7234 7248 7272 11778 19048
18158 14778
18176 25544
18181 18692 20998
18234 2362
18236 10143
18293 27570
18318 5264 5270 7991
18379 447
18422 1462 3819 8627 24749
18425 2646
18432 23640
18439 34658
18450 10989 15085 16416 17016
18453 12164 15048 18586 20699
18469 2255
18470 8088 9368 11410 28678
18518 11986
18522 2290 2969 5779 7405 21933
18534 2492
18541 7585
18594 1783 9825 12917 19332 26604
18614 7914
18623 12879
18630 3668
18637 19874
18640 9493
18686 8811
18692 8796 14372
18695 33718
18733 2701 10666 25816
18749 1485
18754 27137
18771 1246 13056 13065 20676 26278
18775 29799
18784 11337
18800 28508
18832 1387
18840 33445
18854 23988
18872 25950
18877 13048 26816
18910 8963
18913 2310 18271
18977 7761 24835
19000 1663 1664 15690 17794 23330 23383
19002 2880
19009 19693
19070 24844 25881
19072 13135 15766 26951
19087 2096 17203
19129 15983
19131 3656
19160 5374
19222 890 9809 13746 15653 15696 15718 20685
19294 12190 13210
19322 19483
19372 6704
19377 22152
19480 5756
19547 23136 23419
19553 1639
19559 26633 29965
19607 9431
19617 13982 14967
19697 2210 3387
19724 1386
19759 17904
19771 26458
19816 16684 34169
19817 755 4964
19838 4303 21655 22290
19882 12642
19912 13158 25455 26114
19976 8427
19990 15279 19430
20008 6261 28151
20059 296 3035 15914
20062 7640
20086 10163
20162 10552
20191 6223 9277
20211 13785
20282 5182
20318 133
20321 6821
20327 16927
20334 3661 3913 6811 10989 18753
20394 8064 8572
20404 12229
20429 24390
20434 15032
20493 16828
20513 6778 28242 30113 33424
20530 2855 9965 11690 28943
20555 5857
20610 5063
20617 11965
20634 3559 16912 24879 31299 32799
20640 32257
20653 9118
20663 227 7332 21539
20691 10084 18573 19136 19475
20708 27510
20716 433 5701 11981
20731 34684
20743 23202
20756 1691 7244 26439
20794 14825
20843 10538 22294 34727
20893 8456
20894 35547
20927 3401
20946 26730
20952 13984 24329 25510
21006 7931
21068 26276
21082 30977
21083 12748
21095 11730 11733
21177 8677
21194 2452 30719
21208 11363 33570
21223 21
21231 24317
21255 14448
21292 31146
21330 4527 9286 10000
21351 6549
21474 2996 14711
21507 453 2454 16452 21902
21512 25610
21527 6601
21530 17802 33956
21546 6554 15357 15615
21597 26673
21613 4015 6217 6387 16957
21659 17677
21667 21639
21676 17458
21695 8597 13218
21701 21911
21712 29104
21858 30724
21864 20554
21875 12010
21930 21698
21942 3231
22034 9753 15441
22054 10980 17731
22080 4745 17691
22135 3935 19145 20812 22239 28406 31149
22141 14663
22142 10227 27804
22151 4421 15094 15106 15182
22179 17637 30747
22181 142 5814 6639 13578 19323 19459 21631 31636
22197 7255
22212 19343
22226 20590
22249 15528
22288 479
22295 28644
22300 30191
22312 12903
22434 30100
22435 920 11424 17205
22437 33318
